0.000000, 0.998283, -0.001717
1.000000, 0.996555, -0.003445
2.000000, 0.994816, -0.005184
3.000000, 0.993065, -0.006935
4.000000, 0.991302, -0.008698
5.000000, 0.989528, -0.010472
6.000000, 0.987742, -0.012258
7.000000, 0.985944, -0.014056
8.000000, 0.984135, -0.015865
9.000000, 0.982313, -0.017687
10.000000, 0.980479, -0.019521
11.000000, 0.978634, -0.021366
12.000000, 0.976776, -0.023224
13.000000, 0.974905, -0.025095
14.000000, 0.973022, -0.026978
15.000000, 0.971127, -0.028873
16.000000, 0.969220, -0.030780
17.000000, 0.967299, -0.032701
18.000000, 0.965366, -0.034634
19.000000, 0.963420, -0.036580
20.000000, 0.961462, -0.038538
21.000000, 0.959490, -0.040510
22.000000, 0.957505, -0.042495
23.000000, 0.955508, -0.044492
24.000000, 0.953497, -0.046503
25.000000, 0.951472, -0.048528
26.000000, 0.949434, -0.050566
27.000000, 0.947383, -0.052617
28.000000, 0.945318, -0.054682
29.000000, 0.943240, -0.056760
30.000000, 0.941148, -0.058852
31.000000, 0.939042, -0.060958
32.000000, 0.936922, -0.063078
33.000000, 0.934788, -0.065212
34.000000, 0.932639, -0.067361
35.000000, 0.930477, -0.069523
36.000000, 0.928300, -0.071700
37.000000, 0.926109, -0.073891
38.000000, 0.923904, -0.076096
39.000000, 0.921684, -0.078316
40.000000, 0.919449, -0.080551
41.000000, 0.917199, -0.082801
42.000000, 0.914935, -0.085065
43.000000, 0.912655, -0.087345
44.000000, 0.910361, -0.089639
45.000000, 0.908051, -0.091949
46.000000, 0.905726, -0.094274
47.000000, 0.903385, -0.096615
48.000000, 0.901029, -0.098971
49.000000, 0.898658, -0.101342
50.000000, 0.896271, -0.103729
51.000000, 0.893868, -0.106132
52.000000, 0.891449, -0.108551
53.000000, 0.889014, -0.110986
54.000000, 0.886563, -0.113437
55.000000, 0.884096, -0.115904
56.000000, 0.881612, -0.118388
57.000000, 0.879112, -0.120888
58.000000, 0.876596, -0.123404
59.000000, 0.874062, -0.125938
60.000000, 0.871513, -0.128487
61.000000, 0.868946, -0.131054
62.000000, 0.866362, -0.133638
63.000000, 0.863761, -0.136239
64.000000, 0.861143, -0.138857
65.000000, 0.858508, -0.141492
66.000000, 0.855855, -0.144145
67.000000, 0.853184, -0.146816
68.000000, 0.850496, -0.149504
69.000000, 0.847790, -0.152210
70.000000, 0.845067, -0.154933
71.000000, 0.842325, -0.157675
72.000000, 0.839565, -0.160435
73.000000, 0.836787, -0.163213
74.000000, 0.833990, -0.166010
75.000000, 0.831175, -0.168825
76.000000, 0.828341, -0.171659
77.000000, 0.825489, -0.174511
78.000000, 0.822618, -0.177382
79.000000, 0.819727, -0.180273
80.000000, 0.816818, -0.183182
81.000000, 0.813889, -0.186111
82.000000, 0.810941, -0.189059
83.000000, 0.807974, -0.192026
84.000000, 0.804986, -0.195014
85.000000, 0.801979, -0.198021
86.000000, 0.798953, -0.201047
87.000000, 0.795906, -0.204094
88.000000, 0.792839, -0.207161
89.000000, 0.789751, -0.210249
90.000000, 0.786643, -0.213357
91.000000, 0.783515, -0.216485
92.000000, 0.780366, -0.219634
93.000000, 0.777196, -0.222804
94.000000, 0.774005, -0.225995
95.000000, 0.770793, -0.229207
96.000000, 0.767560, -0.232440
97.000000, 0.764306, -0.235694
98.000000, 0.761029, -0.238971
99.000000, 0.757732, -0.242268
100.000000, 0.754412, -0.245588
101.000000, 0.751070, -0.248930
102.000000, 0.747707, -0.252293
103.000000, 0.744321, -0.255679
104.000000, 0.740912, -0.259088
105.000000, 0.737481, -0.262519
106.000000, 0.734028, -0.265972
107.000000, 0.730551, -0.269449
108.000000, 0.727052, -0.272948
109.000000, 0.723529, -0.276471
110.000000, 0.719983, -0.280017
111.000000, 0.716414, -0.283586
112.000000, 0.712821, -0.287179
113.000000, 0.709204, -0.290796
114.000000, 0.705563, -0.294437
115.000000, 0.701899, -0.298101
116.000000, 0.698209, -0.301791
117.000000, 0.694496, -0.305504
118.000000, 0.690758, -0.309242
119.000000, 0.686995, -0.313005
120.000000, 0.683208, -0.316792
121.000000, 0.679395, -0.320605
122.000000, 0.675557, -0.324443
123.000000, 0.671694, -0.328306
124.000000, 0.667805, -0.332195
125.000000, 0.663890, -0.336110
126.000000, 0.659949, -0.340051
127.000000, 0.655983, -0.344017
128.000000, 0.651990, -0.348010
129.000000, 0.647971, -0.352029
130.000000, 0.643925, -0.356075
131.000000, 0.639852, -0.360148
132.000000, 0.635753, -0.364247
133.000000, 0.631626, -0.368374
134.000000, 0.627472, -0.372528
135.000000, 0.623290, -0.376710
136.000000, 0.619081, -0.380919
137.000000, 0.614844, -0.385156
138.000000, 0.610579, -0.389421
139.000000, 0.606286, -0.393714
140.000000, 0.601964, -0.398036
141.000000, 0.597614, -0.402386
142.000000, 0.593235, -0.406765
143.000000, 0.588827, -0.411173
144.000000, 0.584390, -0.415610
145.000000, 0.579923, -0.420077
146.000000, 0.575427, -0.424573
147.000000, 0.570901, -0.429099
148.000000, 0.566345, -0.433655
149.000000, 0.561759, -0.438241
150.000000, 0.557143, -0.442857
151.000000, 0.552496, -0.447504
152.000000, 0.547819, -0.452181
153.000000, 0.543110, -0.456890
154.000000, 0.538371, -0.461629
155.000000, 0.533600, -0.466400
156.000000, 0.528797, -0.471203
157.000000, 0.523963, -0.476037
158.000000, 0.519096, -0.480904
159.000000, 0.514198, -0.485802
160.000000, 0.509267, -0.490733
161.000000, 0.504303, -0.495697
162.000000, 0.499307, -0.500693
163.000000, 0.494277, -0.505723
164.000000, 0.489214, -0.510786
165.000000, 0.484118, -0.515882
166.000000, 0.478988, -0.521012
167.000000, 0.473824, -0.526176
168.000000, 0.468626, -0.531374
169.000000, 0.463393, -0.536607
170.000000, 0.458126, -0.541874
171.000000, 0.452824, -0.547176
172.000000, 0.447487, -0.552513
173.000000, 0.442115, -0.557885
174.000000, 0.436707, -0.563293
175.000000, 0.431263, -0.568737
176.000000, 0.425784, -0.574216
177.000000, 0.420268, -0.579732
178.000000, 0.414715, -0.585285
179.000000, 0.409126, -0.590874
180.000000, 0.403500, -0.596500
181.000000, 0.397836, -0.602164
182.000000, 0.392135, -0.607865
183.000000, 0.386397, -0.613603
184.000000, 0.380620, -0.619380
185.000000, 0.374806, -0.625194
186.000000, 0.368952, -0.631048
187.000000, 0.363060, -0.636940
188.000000, 0.357129, -0.642871
189.000000, 0.351159, -0.648841
190.000000, 0.345149, -0.654851
191.000000, 0.339100, -0.660900
192.000000, 0.333010, -0.666990
193.000000, 0.326881, -0.673119
194.000000, 0.320710, -0.679290
195.000000, 0.314499, -0.685501
196.000000, 0.308247, -0.691753
197.000000, 0.301953, -0.698047
198.000000, 0.295618, -0.704382
199.000000, 0.289241, -0.710759
200.000000, 0.282821, -0.717179
201.000000, 0.276359, -0.723641
202.000000, 0.269855, -0.730145
203.000000, 0.263307, -0.736693
204.000000, 0.256716, -0.743284
205.000000, 0.250081, -0.749919
206.000000, 0.243403, -0.756597
207.000000, 0.236680, -0.763320
208.000000, 0.229913, -0.770087
209.000000, 0.223101, -0.776899
210.000000, 0.216244, -0.783756
211.000000, 0.209342, -0.790658
212.000000, 0.202394, -0.797606
213.000000, 0.195400, -0.804600
214.000000, 0.188359, -0.811641
215.000000, 0.181272, -0.818728
216.000000, 0.174139, -0.825861
217.000000, 0.166958, -0.833042
218.000000, 0.159729, -0.840271
219.000000, 0.152453, -0.847547
220.000000, 0.145128, -0.854872
221.000000, 0.137755, -0.862245
222.000000, 0.130334, -0.869666
223.000000, 0.122863, -0.877137
224.000000, 0.115343, -0.884657
225.000000, 0.107773, -0.892227
226.000000, 0.100153, -0.899847
227.000000, 0.092482, -0.907518
228.000000, 0.084761, -0.915239
229.000000, 0.076988, -0.923012
230.000000, 0.069165, -0.930835
231.000000, 0.061289, -0.938711
232.000000, 0.053361, -0.946639
233.000000, 0.045381, -0.954619
234.000000, 0.037348, -0.962652
235.000000, 0.029262, -0.970738
236.000000, 0.021123, -0.978877
237.000000, 0.012929, -0.987071
238.000000, 0.004682, -0.995318
239.000000, -0.003620, -1.003620
240.000000, -0.011977, -1.011977
241.000000, -0.020390, -1.020390
242.000000, -0.028858, -1.028858
243.000000, -0.037382, -1.037382
244.000000, -0.045963, -1.045963
245.000000, -0.054600, -1.054600
246.000000, -0.063294, -1.063294
247.000000, -0.072046, -1.072046
248.000000, -0.080856, -1.080856
249.000000, -0.089724, -1.089724
250.000000, -0.098651, -1.098651
251.000000, -0.107637, -1.107637
252.000000, -0.116682, -1.116682
253.000000, -0.125788, -1.125788
254.000000, -0.134953, -1.134953
255.000000, -0.144179, -1.144179
256.000000, -0.153466, -1.153466
257.000000, -0.162815, -1.162815
258.000000, -0.172225, -1.172225
259.000000, -0.181698, -1.181698
260.000000, -0.191233, -1.191233
261.000000, -0.200832, -1.200832
262.000000, -0.210494, -1.210494
263.000000, -0.220220, -1.220220
264.000000, -0.230010, -1.230010
265.000000, -0.239865, -1.239865
266.000000, -0.249785, -1.249785
267.000000, -0.259771, -1.259771
268.000000, -0.269823, -1.269823
269.000000, -0.279941, -1.279941
270.000000, -0.290127, -1.290127
271.000000, -0.300380, -1.300380
272.000000, -0.310700, -1.310700
273.000000, -0.321089, -1.321089
274.000000, -0.331547, -1.331547
275.000000, -0.342074, -1.342074
276.000000, -0.352670, -1.352670
277.000000, -0.363337, -1.363337
278.000000, -0.374074, -1.374074
279.000000, -0.384882, -1.384882
280.000000, -0.395762, -1.395762
281.000000, -0.406714, -1.406714
282.000000, -0.417738, -1.417738
283.000000, -0.428835, -1.428835
284.000000, -0.440005, -1.440005
285.000000, -0.451250, -1.451250
286.000000, -0.462569, -1.462569
287.000000, -0.473963, -1.473963
288.000000, -0.485432, -1.485432
289.000000, -0.496977, -1.496977
290.000000, -0.508598, -1.508598
291.000000, -0.520296, -1.520296
292.000000, -0.532072, -1.532072
293.000000, -0.543926, -1.543926
294.000000, -0.555858, -1.555858
295.000000, -0.567869, -1.567869
296.000000, -0.579959, -1.579959
297.000000, -0.592130, -1.592130
298.000000, -0.604381, -1.604381
299.000000, -0.616713, -1.616713
300.000000, -0.629126, -1.629126
301.000000, -0.641622, -1.641622
302.000000, -0.654201, -1.654201
303.000000, -0.666862, -1.666862
304.000000, -0.679608, -1.679608
305.000000, -0.692438, -1.692438
306.000000, -0.705352, -1.705352
307.000000, -0.718352, -1.718352
308.000000, -0.731439, -1.731439
309.000000, -0.744611, -1.744611
310.000000, -0.757871, -1.757871
311.000000, -0.771219, -1.771219
312.000000, -0.784655, -1.784655
313.000000, -0.798180, -1.798180
314.000000, -0.811794, -1.811794
315.000000, -0.825498, -1.825498
316.000000, -0.839293, -1.839293
317.000000, -0.853180, -1.853180
318.000000, -0.867158, -1.867158
319.000000, -0.881229, -1.881229
320.000000, -0.895392, -1.895392
321.000000, -0.909650, -1.909650
322.000000, -0.924002, -1.924002
323.000000, -0.938449, -1.938449
324.000000, -0.952991, -1.952991
325.000000, -0.967630, -1.967630
326.000000, -0.982365, -1.982365
327.000000, -0.997198, -1.997198
328.000000, -1.012129, -2.012129
329.000000, -1.027159, -2.027159
330.000000, -1.042289, -2.042289
331.000000, -1.057518, -2.057518
332.000000, -1.072848, -2.072848
333.000000, -1.088280, -2.088280
334.000000, -1.103814, -2.103814
335.000000, -1.119450, -2.119450
336.000000, -1.135190, -2.135190
337.000000, -1.151034, -2.151034
338.000000, -1.166983, -2.166983
339.000000, -1.183038, -2.183038
340.000000, -1.199199, -2.199199
341.000000, -1.215466, -2.215466
342.000000, -1.231842, -2.231842
343.000000, -1.248325, -2.248325
344.000000, -1.264918, -2.264918
345.000000, -1.281621, -2.281621
346.000000, -1.298434, -2.298434
347.000000, -1.315358, -2.315358
348.000000, -1.332394, -2.332394
349.000000, -1.349543, -2.349543
350.000000, -1.366805, -2.366805
351.000000, -1.384182, -2.384182
352.000000, -1.401674, -2.401674
353.000000, -1.419281, -2.419281
354.000000, -1.437005, -2.437005
355.000000, -1.454846, -2.454846
356.000000, -1.472805, -2.472805
357.000000, -1.490883, -2.490883
358.000000, -1.509081, -2.509081
359.000000, -1.527399, -2.527399
360.000000, -1.545838, -2.545838
361.000000, -1.564399, -2.564399
362.000000, -1.583083, -2.583083
363.000000, -1.601891, -2.601891
364.000000, -1.620823, -2.620823
365.000000, -1.639880, -2.639880
366.000000, -1.659064, -2.659064
367.000000, -1.678374, -2.678374
368.000000, -1.697812, -2.697812
369.000000, -1.717379, -2.717379
370.000000, -1.737075, -2.737075
371.000000, -1.756902, -2.756902
372.000000, -1.776859, -2.776859
373.000000, -1.796949, -2.796949
374.000000, -1.817172, -2.817172
375.000000, -1.837528, -2.837528
376.000000, -1.858019, -2.858019
377.000000, -1.878646, -2.878646
378.000000, -1.899409, -2.899409
379.000000, -1.920310, -2.920310
380.000000, -1.941349, -2.941349
381.000000, -1.962527, -2.962527
382.000000, -1.983845, -2.983845
383.000000, -2.005304, -3.005304
384.000000, -2.026906, -3.026906
385.000000, -2.048650, -3.048650
386.000000, -2.070538, -3.070538
387.000000, -2.092571, -3.092571
388.000000, -2.114749, -3.114749
389.000000, -2.137075, -3.137075
390.000000, -2.159548, -3.159548
391.000000, -2.182170, -3.182170
392.000000, -2.204941, -3.204941
393.000000, -2.227863, -3.227863
394.000000, -2.250937, -3.250937
395.000000, -2.274164, -3.274164
396.000000, -2.297544, -3.297544
397.000000, -2.321079, -3.321079
398.000000, -2.344769, -3.344769
399.000000, -2.368617, -3.368617
400.000000, -2.392622, -3.392622
401.000000, -2.416786, -3.416786
402.000000, -2.441110, -3.441110
403.000000, -2.465594, -3.465594
404.000000, -2.490241, -3.490241
405.000000, -2.515051, -3.515051
406.000000, -2.540025, -3.540025
407.000000, -2.565164, -3.565164
408.000000, -2.590470, -3.590470
409.000000, -2.615943, -3.615943
410.000000, -2.641584, -3.641584
411.000000, -2.667396, -3.667396
412.000000, -2.693378, -3.693378
413.000000, -2.719532, -3.719532
414.000000, -2.745859, -3.745859
415.000000, -2.772360, -3.772360
416.000000, -2.799036, -3.799036
417.000000, -2.825889, -3.825889
418.000000, -2.852920, -3.852920
419.000000, -2.880129, -3.880129
420.000000, -2.907519, -3.907519
421.000000, -2.935090, -3.935090
422.000000, -2.962843, -3.962843
423.000000, -2.990780, -3.990780
424.000000, -3.018901, -4.018901
425.000000, -3.047209, -4.047209
426.000000, -3.075704, -4.075704
427.000000, -3.104388, -4.104388
428.000000, -3.133261, -4.133261
429.000000, -3.162325, -4.162325
430.000000, -3.191582, -4.191582
431.000000, -3.221032, -4.221032
432.000000, -3.250677, -4.250677
433.000000, -3.280519, -4.280519
434.000000, -3.310557, -4.310557
435.000000, -3.340795, -4.340795
436.000000, -3.371232, -4.371232
437.000000, -3.401871, -4.401871
438.000000, -3.432713, -4.432713
439.000000, -3.463759, -4.463759
440.000000, -3.495010, -4.495010
441.000000, -3.526468, -4.526468
442.000000, -3.558134, -4.558134
443.000000, -3.590009, -4.590009
444.000000, -3.622096, -4.622096
445.000000, -3.654395, -4.654395
446.000000, -3.686907, -4.686907
447.000000, -3.719635, -4.719635
448.000000, -3.752579, -4.752579
449.000000, -3.785741, -4.785741
450.000000, -3.819122, -4.819122
451.000000, -3.852725, -4.852725
452.000000, -3.886550, -4.886550
453.000000, -3.920598, -4.920598
454.000000, -3.954872, -4.954872
455.000000, -3.989372, -4.989372
456.000000, -4.024101, -5.024101
457.000000, -4.059060, -5.059060
458.000000, -4.094250, -5.094250
459.000000, -4.129673, -5.129673
460.000000, -4.165330, -5.165330
461.000000, -4.201223, -5.201223
462.000000, -4.237353, -5.237353
463.000000, -4.273723, -5.273723
464.000000, -4.310333, -5.310333
465.000000, -4.347186, -5.347186
466.000000, -4.384282, -5.384282
467.000000, -4.421624, -5.421624
468.000000, -4.459213, -5.459213
469.000000, -4.497050, -5.497050
470.000000, -4.535138, -5.535138
471.000000, -4.573478, -5.573478
472.000000, -4.612072, -5.612072
473.000000, -4.650921, -5.650921
474.000000, -4.690027, -5.690027
475.000000, -4.729391, -5.729391
476.000000, -4.769016, -5.769016
477.000000, -4.808904, -5.808904
478.000000, -4.849055, -5.849055
479.000000, -4.889472, -5.889472
480.000000, -4.930156, -5.930156
481.000000, -4.971110, -5.971110
482.000000, -5.012335, -6.012335
483.000000, -5.053832, -6.053832
484.000000, -5.095604, -6.095604
485.000000, -5.137652, -6.137652
486.000000, -5.179978, -6.179978
487.000000, -5.222585, -6.222585
488.000000, -5.265473, -6.265473
489.000000, -5.308645, -6.308645
490.000000, -5.352103, -6.352103
491.000000, -5.395849, -6.395849
492.000000, -5.439883, -6.439883
493.000000, -5.484210, -6.484210
494.000000, -5.528829, -6.528829
495.000000, -5.573744, -6.573744
496.000000, -5.618955, -6.618955
497.000000, -5.664466, -6.664466
498.000000, -5.710279, -6.710279
499.000000, -5.756394, -6.756394
